''''''''''''''''''''''''  Gene:  1 Begins at position  1  '''''''''''''''''''''''
 cond
 start
 300 rnd store
 -1 .shoot store
 stop
''''''''''''''''''''''''  Gene:  1 Ends at position  9  '''''''''''''''''''''''

''''''''''''''''''''''''  Gene:  2 Begins at position  10  '''''''''''''''''''''''
 cond
 *.nrg 15000 >
 start
 50 .repro store
 stop
''''''''''''''''''''''''  Gene:  2 Ends at position  18  '''''''''''''''''''''''

''''''''''''''''''''''''  Gene:  3 Begins at position  19  '''''''''''''''''''''''
 cond
 *.robage 0 =
 start
 1 .deltie store
 1000 .up store
 stop
''''''''''''''''''''''''  Gene:  3 Ends at position  30  '''''''''''''''''''''''
 0 0 0 0 0 0 0 0 0 0 0 0 0 0 0 0 0 0 0 0 0 0 0 0 0 0 0 0 0 0 0 0 0 0 0 0 0 0 0 0 0 0
 0 0 0 0 0 0 0 0 0 0 0 0 0 0 0 0 0 0 0 0 0 0 0 0 0 0 0 0 0 0 0 0 0 0 0 0 0 0 0 0 0 0
 0 0 0 0 0 0 0 0 0 0 0 0 0 0 0 0 0 0 0 0 0 0 0 0 add 0 0 0 0 0 0 0 0 0 0 0 0 0 0 0 0
 0 0 0 0 0 0 0 0 0 0 0 0 0 0 0 0 0 0 0 0 0 0 0 0 0 0 0 0 0 0 0 0 0 0 0 0 0 0 0 0 0 0
 0 0 0 0 0 0 0 0 0 0 0 0 0 0 0 0 0 0 0 0 0 0 0 0 0 0 0 0 0 0 0 0 0 0 0 0 0 0 0 0 0 0
 0 0 0 0 0 0 0 0 0 0 0 0 0 0 0 0 0 0
